5030510027
2116581057
5167086785
5265538428
2126164400
5145243887
5193992391
2134645872
2111640017
2092621829
5200795763
5210700207
1505643806
5594578706
1784725968
5095970941
1740728834
5351190226
5011184602
5203642940
5266680841
5270906928
5151694023
5283500627
5232111004
1964285172
5412912628
5587018715
1150093155
5080424337
5115493611
5519183356
5029513857
1907785673
5009163103
2046137785
5094245564
5204618519
5246547268
5111705938
5272706491
5051089418
5038135482
5592981012
5530302904
5098024950
5464926950
5290829488
5579053106
1877533963
5268159548
5368433389
5251079810
5184545165
5177434088
5231936406
5247215795
779212171
1319618406
5140886356
2082201931
5150249175
5253783451
5549815709
5156101263
5485728412
5416008246
5137875635
5568863140
1477340299
5154790796
5035541975
5001715258
5087445556
2140190836
1101641495
5499982782
5194539439
2094317566
1739756767
5180308283
5524570340
5429141064
2100021925
2090592877
5221705157
2009421808
5258689871
5136962982
5513595932
5051359389
5452456030
5082216424
5004935742
5599889712
5191929579
2049365590
5158854252
5075048484
5072260336
5295786671
5049448203
5028237698
2083997729
5534817816
5175498858
5031223701
5028183259
1095550875
5258741303
5343968464
2003550981
5016575800
5009894562
2026298797
5264376764
5024334414
5245199628
5473338020
513926904
5217968574
5551780378
5216132171
5303438565
5010312247
5214497952
5329223183
5579936997
5578375778
5275529922
1916396932
5303209691
2064639960
5231805189
1743386889
5424737863
5152576120
5541460700
5327768870
5299893343
5126554146
5264078138
5197017919
5179283820
5155869719
5170389330
1463509408
2094934017
1613972784
5141534619
1804882465
5260921169
2013223854
5481274373
5553786350
5093414362
5239072927
5157362036
5278356766
5306523491
5219422972
5280490006
1991691166
2025812847
5290499114
5074314277
1996029839
5176843200
2069322131
5165171227
5035735005
5047955007
1642236999
5471925739
5092824170
5277010338
5004180343
2105822380
1279693779
5004312489
2134578078
5091543708
2105174873
757569166
5092626111
2051090961
5039099960
5589751759
5268092441
5094200715
5035536094
5086123600
1224651558
5216337757
5042029489
1972904813
5265186671
5073898235
1527703046
5060029143
5043077975
2121880801
5093744260
5190948769
2134762018
5115759100
5406835604
5577240995
2001931967
2022794754
1877286481
2140484582
5134247636
2124243035
2079362271
5297166113
5106302095
5209502013
5041617897
2006250532
5144506087
2030981589
2106816680
5256949039
5077702985
5240051048
1837872336
5067577608
5250732600
5198981884
1951278928
5290617553
5169472543
5151146145
5442066335
5084708591
2131351296
5166633171
5088913355
5433877045
1746083693
810976904
5297521085
5063510970
2061652133
5422427507
2123931889
1985437061
5388960616
5136670239
5231524591
5172980177
5230507790
5442637410
5224662251
799536214
2117913901
5271342955
1527234567
1891025244
5256138765
5215522600
5286687167
5246047428
5080954816
5238723132
1917704787
2023395428
5246743716
5039790618
5171385641
5090042686
5008671973
5276614880
481300224
5176368433
5185864069
2039837033
5263436669
5111629210
5203178223
5252924186
5080171920
5125404995
5167142003
5271671218
5244322083
5264908660
5153022791
1375323809
5125789338
5114764182
1734798105
1332336627
983531445
5280300747
5069020287
5273263865
2100745826
5198609694
1855962015
5323783318
1509593789
5255378305
5239688290
5243213564
5262148381
5116814282
1824670088
5290778836
5220619803
5100287869
5565315722
5395364019
874800355
5275788143